lr: 0.006118254279678401
momentum: 0.8919566084933338
