lr: 0.005448052820764633
momentum: 0.88734769080088
