lr: 0.006684577067799474
momentum: 0.8049118025416963
