lr: 0.0027093157868249714
momentum: 0.8923602901671609
