lr: 0.005561665457459322
momentum: 0.34842677321975024
