lr: 0.0074397194172281704
momentum: 0.7767111509248744
