lr: 0.009845213955006621
momentum: 0.8454777623806028
