lr: 0.0030143315200402074
momentum: 0.8554296492629229
