lr: 0.008961428419678733
momentum: 0.8000835044888006
